Aquest arxiu conté tota la taula de rotacions i dades varies del joc

Tot el text de sobre del hashtag serà ignorat, i possiblement peti si es modifica el que hi
ha a sota

#

7
0 0 0 0 0 0 0 0 1 1 1 1 0 0 0 0 0 0 1 0 0 0 1 0 0 0 1 0 0 0 1 0 0 0 0 0 0 0 0 0 1 1 1 1 0 0 0 0 0 0 1 0 0 0 1 0 0 0 1 0 0 0 1 0
0 0 0 0 0 2 2 0 0 2 2 0 0 0 0 0 0 0 0 0 0 2 2 0 0 2 2 0 0 0 0 0 0 0 0 0 0 2 2 0 0 2 2 0 0 0 0 0 0 0 0 0 0 2 2 0 0 2 2 0 0 0 0 0
0 0 0 0 0 0 0 0 3 3 3 0 0 0 3 0 0 0 0 0 0 3 0 0 0 3 0 0 3 3 0 0 0 0 0 0 3 0 0 0 3 3 3 0 0 0 0 0 0 0 0 0 0 3 3 0 0 3 0 0 0 3 0 0
0 0 0 0 0 0 0 0 4 4 4 0 4 0 0 0 0 0 0 0 4 4 0 0 0 4 0 0 0 4 0 0 0 0 0 0 0 0 4 0 4 4 4 0 0 0 0 0 0 0 0 0 0 4 0 0 0 4 0 0 0 4 4 0
0 0 0 0 0 0 0 0 0 5 5 0 5 5 0 0 0 0 0 0 0 5 0 0 0 5 5 0 0 0 5 0 0 0 0 0 0 0 0 0 0 5 5 0 5 5 0 0 0 0 0 0 0 5 0 0 0 5 5 0 0 0 5 0
0 0 0 0 0 0 0 0 6 6 6 0 0 6 0 0 0 0 0 0 0 6 0 0 6 6 0 0 0 6 0 0 0 0 0 0 0 6 0 0 6 6 6 0 0 0 0 0 0 0 0 0 0 6 0 0 0 6 6 0 0 6 0 0
0 0 0 0 0 0 0 0 7 7 0 0 0 7 7 0 0 0 0 0 0 0 7 0 0 7 7 0 0 7 0 0 0 0 0 0 0 0 0 0 7 7 0 0 0 7 7 0 0 0 0 0 0 0 7 0 0 7 7 0 0 7 0 0


